%YAML:1.0
---
mouseBGR: [ 99, 74, 147, 166, 122, 175, 128, 123, 229, 116, 92, 189, 121,
    147, 216, 59, 14, 84, 135, 145, 231, 88, 77, 184, 75, 65, 185 ]
